function [fie,fiq,ue,uq]=enbc(M5,Mcon,G,S,l1,l2,x,Qmat)
S11=S(1,1);
S12=S(1,2);
S13=S(1,3);
S14=S(1,4);
S15=S(1,5);
S16=S(1,6);
S22=S(2,2);
S23=S(2,3);
S24=S(2,4);
S25=S(2,5);
S26=S(2,6);
S33=S(3,3);
S34=S(3,4);
S35=S(3,5);
S36=S(3,6);
S44=S(4,4);
S45=S(4,5);
S46=S(4,6);
S55=S(5,5);
S56=S(5,6);
S66=S(6,6);
Expot=[-exp(-x*l1)*M5(1,3)*(G(1,3)*l1^2+G(1,1)-G(1,2)*l1)*l2/(l1*M5(1,1)) -exp(-x*l2)*M5(1,3)*(G(1,3)*l2^2+G(1,1)-G(1,2)*l2)*l1/(l2*M5(1,1)) 0 0 x 1 0 0 0 0 0 0 0 0 ;....
    exp(-x*l1)*M5(1,3)*l2/(l1*M5(1,1)) exp(-x*l2)*M5(1,3)*l1/(l2*M5(1,1)) x 1 0 0 0 0 0 0 0 0 0 0 ;....
    -exp(-x*l1)*(G(2,1)-G(2,2)*l1+G(2,3)*l1^2)*l2*M5(1,3)/(M5(1,1)*l1^3) -exp(-x*l2)*(G(2,1)-G(2,2)*l2+G(2,3)*l2^2)*l1*M5(1,3)/(M5(1,1)*l2^3)  0 0 0 0 x^3 x^2 x 1 0 0 0 0;....
    -exp(-x*l1)*(G(3,1)-G(3,2)*l1+G(3,3)*l1^2)*l2*M5(1,3)/(M5(1,1)*l1^3) -exp(-x*l2)*(G(3,1)-G(3,2)*l2+G(3,3)*l2^2)*l1*M5(1,3)/(M5(1,1)*l2^3)  0 0 0 0 0 0 0 0 x^3 x^2 x 1 ;....
    -exp(-x*l1)*M5(1,3)*l2/(M5(1,1)) -exp(-x*l2)*M5(1,3)*l1/(M5(1,1)) 1 0 0 0 0 0 0 0 0 0 0 0 
    exp(-x*l1)*(G(2,1)-G(2,2)*l1+G(2,3)*l1^2)*l2*M5(1,3)/(M5(1,1)*l1^2) exp(-x*l2)*(G(2,1)-G(2,2)*l2+G(2,3)*l2^2)*l1*M5(1,3)/(M5(1,1)*l2^2)  0 0 0 0 3*x^2 2*x 1 0 0 0 0 0 ;....
    exp(-x*l1)*(G(3,1)-G(3,2)*l1+G(3,3)*l1^2)*l2*M5(1,3)/(M5(1,1)*l1^2) exp(-x*l2)*(G(3,1)-G(3,2)*l2+G(3,3)*l2^2)*l1*M5(1,3)/(M5(1,1)*l2^2)  0 0 0 0 0 0 0 0 3*x^2 2*x 1 0 ;];

Qcons=[Mcon(1,1)*G(1,1)/(2*M5(1,1))*x^2 Mcon(1,2)*G(1,1)/(2*M5(1,1))*x^2;.....
       -Mcon(1,1)*x^2/(2*M5(1,1)) -Mcon(1,2)*x^2/(2*M5(1,1));.....
       Mcon(1,1)*G(2,1)/(24*M5(1,1))*x^4 Mcon(1,2)*G(2,1)/(24*M5(1,1))*x^4;....
       Mcon(1,1)*G(3,1)/(24*M5(1,1))*x^4 Mcon(1,2)*G(3,1)/(24*M5(1,1))*x^4;....
       -Mcon(1,1)*x/(M5(1,1)) -Mcon(1,2)*x/(M5(1,1));....
       Mcon(1,1)*G(2,1)/(6*M5(1,1))*x^3 Mcon(1,2)*G(2,1)/(6*M5(1,1))*x^3;....
       Mcon(1,1)*G(3,1)/(6*M5(1,1))*x^3 Mcon(1,2)*G(3,1)/(6*M5(1,1))*x^3];

Str1d= [exp(-x*l1)*M5(1,3)*(G(1,3)*l1^2+G(1,1)-G(1,2)*l1)*l2/(M5(1,1)) exp(-x*l2)*M5(1,3)*(G(1,3)*l2^2+G(1,1)-G(1,2)*l2)*l1/(M5(1,1)) 0 0 1 0 0 0 0 0 0 0 0 0;....
    -exp(-x*l1)*M5(1,3)*l2/(M5(1,1)) -exp(-x*l2)*M5(1,3)*l1/(M5(1,1)) 1 0 0 0 0 0 0 0 0 0 0 0;....
    -exp(-x*l1)*(G(2,1)-G(2,2)*l1+G(2,3)*l1^2)*l2*M5(1,3)/(M5(1,1)*l1) -exp(-x*l2)*(G(2,1)-G(2,2)*l2+G(2,3)*l2^2)*l1*M5(1,3)/(M5(1,1)*l2)  0 0 0 0 6*x 2 0 0 0 0 0 0;....
    -exp(-x*l1)*(G(3,1)-G(3,2)*l1+G(3,3)*l1^2)*l2*M5(1,3)/(M5(1,1)*l1) -exp(-x*l2)*(G(3,1)-G(3,2)*l2+G(3,3)*l2^2)*l1*M5(1,3)/(M5(1,1)*l2)  0 0 0 0 0 0 0 0 6*x 2 0 0;....
    exp(-x*l1)*M5(1,3)*l1*l2/(M5(1,1)) exp(-x*l2)*M5(1,3)*l1*l2/(M5(1,1)) 0 0 0 0 0 0 0 0 0 0 0 0;
    -exp(-x*l1)*M5(1,3)*(G(1,3)*l1^2+G(1,1)-G(1,2)*l1)*l1*l2/(M5(1,1)) -exp(-x*l2)*M5(1,3)*(G(1,3)*l2^2+G(1,1)-G(1,2)*l2)*l1*l2/(M5(1,1)) 0 0 0 0 0 0 0 0 0 0 0 0;....
    exp(-x*l1)*M5(1,3)*l1*l2/(M5(1,1)) exp(-x*l2)*M5(1,3)*l1*l2/(M5(1,1)) 0 0 0 0 0 0 0 0 0 0 0 0;....
    exp(-x*l1)*(G(2,1)-G(2,2)*l1+G(2,3)*l1^2)*l2*M5(1,3)/(M5(1,1)*l1) exp(-x*l2)*(G(2,1)-G(2,2)*l2+G(2,3)*l2^2)*l1*M5(1,3)/(M5(1,1)*l2)  0 0 0 0 6 0 0 0 0 0 0 0;....
    exp(-x*l1)*(G(3,1)-G(3,2)*l1+G(3,3)*l1^2)*l2*M5(1,3)/(M5(1,1)*l1) exp(-x*l2)*(G(3,1)-G(3,2)*l2+G(3,3)*l2^2)*l1*M5(1,3)/(M5(1,1)*l2)  0 0 0 0 0 0 0 0 6 0 0 0;....
    -exp(-x*l1)*M5(1,3)*l1^2*l2/(M5(1,1)) -exp(-x*l2)*M5(1,3)*l1*l2^2/(M5(1,1)) 0 0 0 0 0 0 0 0 0 0 0 0];

Qcons1d=[Mcon(1,1)*G(1,1)/(M5(1,1))*x Mcon(1,2)*G(1,1)/(M5(1,1))*x;.....
       -Mcon(1,1)*x/(M5(1,1)) -Mcon(1,2)*x/(M5(1,1));.....
       Mcon(1,1)*G(2,1)/(2*M5(1,1))*x^2 Mcon(1,2)*G(2,1)/(2*M5(1,1))*x^2;....
       Mcon(1,1)*G(3,1)/(2*M5(1,1))*x^2 Mcon(1,2)*G(3,1)/(2*M5(1,1))*x^2;....
       -Mcon(1,1)/(M5(1,1)) -Mcon(1,2)/(M5(1,1));.....
       Mcon(1,1)*G(1,1)/(M5(1,1)) Mcon(1,2)*G(1,1)/(M5(1,1));.....
       -Mcon(1,1)/(M5(1,1)) -Mcon(1,2)/(M5(1,1));.....
       Mcon(1,1)*G(2,1)/(M5(1,1))*x Mcon(1,2)*G(2,1)/(M5(1,1))*x;....
       Mcon(1,1)*G(3,1)/(M5(1,1))*x Mcon(1,2)*G(3,1)/(M5(1,1))*x;....
       0 0];

Sf=[S11 S12 S14 -S13 S16 0 0 0 0 0;.....
    S12 S22 S24 -S23 0 -S16 0 -S46 S36 -S66;.....
    S14 S24 S44 -S34 S46 0 0 0 0 0;....
    -S13 -S23 -S34 S33 -S36 0 0 0 0 0;....
    S16 S26 S46 -S36 S66 0 0 0 0 0;....
    0 0 0 0 0 -S14 -S24 -S44 S34 S46;.....
    0 0 0 0 0 S13 S23 S34 -S33 S36];    
% S(5,:)=[];
% S(:,5)=[];

fie=Sf*Str1d;
fiq=Sf*Qcons1d*Qmat;
% fi(2,:)=fi(2,:)-S(1,5)*-l1*Str1d(1,1)-S(4,5)*-l1*Str1d(2,1)-S(3,5)*-l1*Str1d(3,1)-S(5,5)*-l1*Str1d(5,1);
ue=Expot;
uq=Qcons*Qmat;

